256675,35180171
256675,49097603
256677,345584874
256677,378077547
256801,135906860
256843,1748145933
256843,18244793
256843,594831052
256867,108745887
256869,3088359
257461,103439488
257599,89897098
257613,1160603221
257613,116127855
257613,1664620651
257613,341921828
257613,455528823
257613,668161364
257645,113813277
257645,1247153654
257645,436032864
257645,463322877
257645,657357762
257645,748000046
257645,930543289
257682,334954839
257723,43627584
257751,307874458
257751,475895220
257751,578644582
257751,622215791
257751,664297517
257805,109833356
257805,149416765
257805,54452592
257816,217602226
257819,207715718
257819,355398385
257819,361733321
257819,42032716
257819,78590544
257969,194023195
257969,442426209
257969,459032659
257969,507979018
257969,534381861
257969,741181052
258158,1275029202
258158,1362160449
258158,1430208669
258158,1785935295
258158,1831922342
258158,2134913936
258158,2242802867
258158,2269656494
258158,237634205
258158,844587085
258159,22347777
258159,331113031
258159,465619790
258159,572754561
258177,1766085401
258177,2085910701
258177,2227074061
258177,2253976823
258177,2309031123
258177,313560449
258177,563223578
258177,577754664
258177,975585135
258213,166749368
258213,193417200
258214,104763538
258214,18415532
258287,312868744
258425,161407257
258425,163326631
258427,98295604
258428,98071054
258434,115978731
258434,463052154
258434,494389903
258434,696047388
258434,715558371
258434,720989669
258440,1009838274
258440,120836869
258440,138049602
258440,231048041
258440,305378624
258440,564628036
258440,824370272
258440,87120298
258445,196404930
258446,41719051
258448,175804765
258448,708781173
258656,1352667
258656,220856829
258656,393930545
258656,419601128
258656,462447617
258656,505738742
258694,155180433
258694,177045213
258694,190749790
258694,239488666
258702,145735847
258702,294247224
258703,591528009
258703,595010210
258706,1026588616
258712,174149304
258712,688741473
258712,747712091
258742,1149693653
258742,219505745
258742,723272231
258745,107096355
258745,168341612
258749,1403066
258749,257045575
258749,404475921
259626,226975825
259626,97467699
259683,113661648
259683,48047655
259685,128618357
259685,129128869
259685,258338930
259685,320148775
259685,585515907
259685,644314644
259686,100021183
259686,107857637
259686,22143815
259809,110214088
259811,117615665
259818,61931693
259820,16831818
259820,224808825
259821,336151072
259822,130392515
259822,29533600
259822,561839361
259862,255940811
259862,287294485
259862,296381229
259862,42259622
259862,552039192
259862,902983787
259884,76203944
260373,249159965
260424,1062166998
260424,1174917680
260424,121348919
260424,1220049261
260424,258681570
260424,324821236
260424,486013222
260424,548836208
260424,694314914
260424,763901248
260425,227871383
260425,409786614
260426,113111342
260426,37614393
260427,430710959
260431,340154193
260532,1006926022
260532,1026051256
260532,466123103
260532,964191526
260534,231889169
260534,244001061
260534,333191148
260534,433046511
260534,511280817
260536,219240257
260536,259535537
260538,101160003
260538,222085040
260538,259045227
260538,259810061
260538,378044352
260576,166179405
260576,506766596
260576,521709102
260576,641964990
260576,684499829
260576,796789676
260577,19568534
260593,313240443
260593,331416324
260593,355832072
260593,377560719
260593,412910195
260593,417048241
260627,1267507999
260627,1330723179
260627,1696813494
260627,2297109608
260627,2421660776
260627,2478165946
260627,3103397460
260627,3222310225
260627,347497341
260627,352648045
260627,716672641
260627,911200321
